# Simulation parameters for MohammadHanisNajmi in the following order from left to right:
# Kick ID number
# Initial location (m): Xo, Yo, Zo
# Initial velocity (m/s) and direction angle (degree): Umag, theta, phi
# Rotational velocities (rad/s): omgX, omgY, omgZ
1        0.00     20.00      0.11     29.00     90.00     65.00     -0.00     -0.00     60.00
2        0.00     20.00      0.11     29.00     90.00     65.00     -0.00     -0.00     40.00
3        0.00     20.00      0.11     29.00     90.00     65.00     -0.00     -0.00     20.00
4        0.00     20.00      0.11     29.00     90.00     65.00     -0.00     -0.00     -0.00
5        0.00     20.00      0.11     29.00     90.00     65.00     -0.00     -0.00    -20.00
6        0.00     20.00      0.11     29.00     90.00     65.00     -0.00     -0.00    -40.00
7        0.00     20.00      0.11     29.00     90.00     65.00     -0.00     -0.00    -60.00
8       -7.00     30.00      0.11     34.00    145.50     65.25     25.00     -0.00     40.00
9       -5.00     30.00      0.11     32.00     70.50     77.25     25.00     -0.00     40.00
10      -3.00     32.00      0.11     34.00     80.50     80.25     15.00     -7.00     40.00
11       1.00     31.00      0.11     35.00     75.50     75.50     20.00     -5.00     30.00
12       5.00     29.00      0.11     33.00     90.50     78.25     20.00     -0.00     20.00
13       7.00     30.00      0.11     40.00     25.50     75.25     25.00     -0.00     40.00
14      -5.60     29.50      0.11     31.10     82.00     74.17     24.90     -0.00     40.00
15      -6.00     29.30      0.11     31.30     76.00     74.73     24.70     -0.00     39.70
16      -5.40     29.90      0.11     31.50     74.00     74.33     24.20     -0.00     39.80
17      -5.70     29.30      0.11     32.30     81.00     74.17     24.40     -0.00     39.90
18      -5.40     29.60      0.11     31.90     72.00     74.29     24.30     -0.00     39.90
19      -5.70     29.40      0.11     32.00     87.00     74.01     24.20     -0.00     39.10
20      -4.60     29.90      0.11     32.10     78.00     74.53     24.40     -0.00     39.10
21      -4.40     31.00      0.11     32.60     77.00     74.70     24.50     -0.00     39.60
22      -5.00     30.00      0.11     32.10     85.00     74.14     24.90     -0.00     39.20
23      -5.60     30.60      0.11     32.10     80.00     74.93     25.00     -0.00     39.90
24      -5.60     29.80      0.11     32.00     73.00     74.63     24.00     -0.00     39.10
25      -5.00     29.30      0.11     31.80     76.00     74.34     25.00     -0.00     39.50
26      -5.80     30.30      0.11     31.70     74.00     75.00     24.80     -0.00     39.10
27      -4.90     29.50      0.11     31.90     84.00     74.96     24.70     -0.00     39.90
28      -5.00     29.70      0.11     31.10     77.00     74.02     24.50     -0.00     39.90
29      -4.60     30.30      0.11     31.10     72.00     74.76     24.40     -0.00     39.80
30      -4.50     30.70      0.11     31.50     76.00     74.73     24.60     -0.00     39.70
31      -5.70     29.10      0.11     31.80     89.00     74.82     24.80     -0.00     39.90
32      -5.80     30.60      0.11     31.70     72.00     74.67     24.40     -0.00     39.70
33      -4.10     31.00      0.11     31.30     89.00     74.39     24.40     -0.00     39.50
34      -5.60     30.60      0.11     31.40     87.00     74.54     24.10     -0.00     39.40
35      -5.80     29.50      0.11     31.30     78.00     74.07     24.30     -0.00     39.70
36      -4.40     29.90      0.11     32.70     75.00     74.62     24.40     -0.00     39.80
37      -5.80     29.90      0.11     31.80     84.00     74.74     24.90     -0.00     39.00
38      -5.10     30.70      0.11     32.10     88.00     74.27     24.10     -0.00     39.20
39      -5.80     29.50      0.11     31.20     76.00     74.61     24.90     -0.00     39.70
40      -4.90     30.70      0.11     31.70     87.00     74.50     24.80     -0.00     39.60
41      -5.10     29.50      0.11     32.40     81.00     74.69     24.90     -0.00     39.10
42      -5.70     30.80      0.11     31.30     70.00     74.57     24.80     -0.00     39.60
43      -4.00     30.70      0.11     32.00     76.00     74.49     24.70     -0.00     39.40
44      -4.70     29.50      0.11     31.70     83.00     74.44     24.10     -0.00     39.10
45      -4.70     29.70      0.11     32.80     76.00     74.19     24.60     -0.00     39.70
46      -4.90     30.20      0.11     32.00     77.00     74.68     24.60     -0.00     39.70
47      -6.00     30.80      0.11     32.80     75.00     74.80     24.10     -0.00     39.60
48      -5.80     29.40      0.11     31.90     78.00     74.96     24.30     -0.00     39.40
49      -5.30     29.10      0.11     32.60     78.00     74.49     24.90     -0.00     40.00
50      -5.90     29.30      0.11     31.50     81.00     74.76     24.50     -0.00     39.00
51      -4.90     29.50      0.11     31.80     72.00     74.64     24.70     -0.00     39.60
52      -4.40     30.00      0.11     32.50     73.00     74.14     24.50     -0.00     40.00
53      -5.30     29.40      0.11     31.50     81.00     74.87     24.60     -0.00     39.70
54      -4.10     29.40      0.11     32.40     82.00     74.18     24.20     -0.00     39.40
55      -5.40     29.10      0.11     32.70     89.00     74.67     24.00     -0.00     39.30
56      -5.20     31.00      0.11     31.80     88.00     74.47     24.90     -0.00     39.80
57      -5.60     30.90      0.11     31.80     70.00     74.53     24.50     -0.00     39.10
58      -5.20     30.20      0.11     31.10     85.00     74.04     24.80     -0.00     39.70
59      -5.90     30.30      0.11     31.30     90.00     74.84     24.90     -0.00     40.00
60      -4.20     29.60      0.11     31.40     84.00     74.86     24.40     -0.00     39.30
61      -5.40     30.50      0.11     31.30     71.00     74.78     24.70     -0.00     40.00
62      -4.10     29.90      0.11     31.10     88.00     74.33     24.90     -0.00     39.70
63      -4.70     30.50      0.11     32.70     85.00     74.45     24.90     -0.00     39.00
64      -5.90     29.40      0.11     31.70     74.00     74.78     24.50     -0.00     39.70
65      -5.10     29.30      0.11     31.20     88.00     74.70     24.60     -0.00     39.40
66      -4.60     30.10      0.11     32.80     90.00     74.97     24.60     -0.00     39.90
67      -4.60     30.70      0.11     31.20     70.00     74.78     24.10     -0.00     39.60
68      -5.90     29.40      0.11     31.90     71.00     74.32     24.90     -0.00     39.20
69      -4.50     29.20      0.11     32.70     85.00     74.38     24.90     -0.00     39.90
70      -4.20     29.40      0.11     32.30     70.00     74.51     24.80     -0.00     39.60
71      -6.00     29.40      0.11     31.10     71.00     74.19     24.30     -0.00     39.10
72      -4.30     29.10      0.11     32.30     77.00     74.08     24.00     -0.00     40.00
73      -5.80     30.70      0.11     31.40     87.00     74.04     24.40     -0.00     40.00
74      -4.00     29.20      0.11     32.30     78.00     74.44     24.10     -0.00     39.60
75      -4.80     29.20      0.11     32.10     85.00     74.22     24.30     -0.00     40.00
76      -4.90     30.80      0.11     31.20     77.00     74.19     24.10     -0.00     39.50
77      -5.30     29.40      0.11     31.60     73.00     74.19     24.60     -0.00     39.50
78      -5.50     30.30      0.11     31.20     79.00     74.62     24.60     -0.00     40.00
79      -5.50     29.30      0.11     31.50     80.00     74.88     24.00     -0.00     39.20
80      -4.20     29.00      0.11     31.40     70.00     74.34     24.40     -0.00     39.30
81      -4.60     30.70      0.11     32.30     83.00     74.45     25.00     -0.00     39.10
82      -5.40     30.40      0.11     31.60     86.00     74.42     24.90     -0.00     39.00
83      -5.70     29.50      0.11     31.20     70.00     74.30     24.40     -0.00     39.90
84      -6.00     30.60      0.11     32.00     73.00     74.16     24.10     -0.00     39.40
85      -4.60     29.40      0.11     32.70     79.00     74.89     24.80     -0.00     39.10
86      -5.70     29.30      0.11     32.50     89.00     74.96     24.40     -0.00     40.00
87      -5.80     31.00      0.11     32.10     82.00     74.00     24.70     -0.00     39.30
88      -4.70     30.20      0.11     32.20     80.00     74.58     24.10     -0.00     39.10
89      -5.80     29.10      0.11     32.30     70.00     74.46     24.40     -0.00     39.90
90      -4.10     30.80      0.11     31.80     81.00     74.35     24.40     -0.00     39.30
91      -4.80     29.60      0.11     31.60     75.00     74.97     24.80     -0.00     39.70
92      -4.10     30.40      0.11     32.20     75.00     74.25     24.80     -0.00     39.20
93      -4.90     30.70      0.11     31.60     78.00     74.79     25.00     -0.00     39.10
94      -4.80     30.80      0.11     32.10     86.00     74.97     24.20     -0.00     39.70
95      -6.00     30.20      0.11     32.00     76.00     74.99     24.50     -0.00     39.90
96      -5.00     30.00      0.11     32.00     72.50     77.25     25.00     -0.00     40.00
97      -4.50     29.70      0.11     31.20     77.00     74.35     24.20     -0.00     39.30
98      -5.20     31.00      0.11     32.70     83.00     74.19     24.70     -0.00     39.70
99      -4.70     29.50      0.11     31.70     86.00     74.89     24.30     -0.00     39.80
100     -5.30     30.60      0.11     31.20     70.00     74.78     24.10     -0.00     40.00